,aestimare,aestimatio,grata,gratus,gratia,gratia,grata,gratus,gratia,gratias ago,debitor,obligatus,debitum,obligatio,coactus,obligatus,obligatio,debere,debens,debiturus,excusatorius,paenitens,excusationes,excusare,excusatio,ignosce,paenitentia,paenitet,ignosce mihi
aestimare,0.9999999999999994,0.9949393195690681,0.9908822329734281,0.9889973342158997,0.9924692256306389,0.9924692256306389,0.9908822329734281,0.9889973342158997,0.9924692256306386,0.9944126810470846,0.9913487875715963,0.9927872989001854,0.99367447616744,0.9923156142243535,0.9878912539485871,0.9927872989001854,0.9923156142243535,0.9937620648366758,0.9906646096402368,0.9941750844744514,0.9941658366307621,0.9902783784205804,0.9942943722432054,0.9933441085350229,0.995337005907046,0.9928951637642183,0.9958040310073043,0.9906847751145235,0.9899520407405326
aestimatio,0.9949393195690681,0.9999999999999994,0.9846219196446762,0.9822858858762226,0.9897411542777304,0.9897411542777304,0.9846219196446762,0.9822858858762226,0.9897411542777297,0.990862681991259,0.9856677435205803,0.9891600649487475,0.9918562180901551,0.9951372414754925,0.9859041794940271,0.9891600649487475,0.9951372414754925,0.9901930726474354,0.984777194564711,0.9878380847167999,0.9912573417929448,0.984240111860983,0.9892658919308787,0.987855011761871,0.9932844858587416,0.985734857412525,0.9920908263957089,0.9856011095196092,0.9830946236991936
grata,0.9908822329734281,0.9846219196446762,0.9999999999999999,0.997978819625733,0.99225242274305,0.99225242274305,0.9999999999999999,0.997978819625733,0.9922524227430501,0.9915704025485812,0.9906832045255591,0.9933619318469297,0.9848664156167339,0.9842038677264819,0.9874875415838621,0.9933619318469297,0.9842038677264819,0.9894857834138336,0.9923521654618666,0.9928942325268265,0.9920754785521496,0.9908705032949696,0.9922815396860547,0.9910848011353621,0.9899491143823588,0.9926636225176936,0.9948783871691195,0.9896927025904648,0.9878709324939622
gratus,0.9889973342158997,0.9822858858762226,0.997978819625733,0.9999999999999992,0.9897335906842654,0.9897335906842654,0.997978819625733,0.9999999999999992,0.9897335906842657,0.9884154718378507,0.9881629788823063,0.9940162080782933,0.9826135886778659,0.9820371712561291,0.9869656993806563,0.9940162080782933,0.9820371712561291,0.9871812812512636,0.9902545368524395,0.990461218200002,0.9910969865648339,0.9883805426058828,0.9895688702363474,0.9883309600906447,0.9871794013167676,0.9900979246482667,0.9925795111366514,0.9870116417973334,0.985151806164298
gratia,0.9924692256306389,0.9897411542777304,0.99225242274305,0.9897335906842654,0.9999999999999994,0.9999999999999994,0.99225242274305,0.9897335906842654,0.9999999999999987,0.9956574277058955,0.9884610853590517,0.9937562656083767,0.987702522562654,0.9874973926504774,0.9888924018358151,0.9937562656083767,0.9874973926504774,0.9908906111836574,0.9896044452416848,0.9897712032701733,0.9931855294978126,0.9861398100610733,0.9908383095341571,0.9885979496107664,0.9905592655084965,0.9894762598839605,0.9920375538819939,0.9859122974207671,0.9850801378444747
gratia,0.9924692256306389,0.9897411542777304,0.99225242274305,0.9897335906842654,0.9999999999999994,0.9999999999999994,0.99225242274305,0.9897335906842654,0.9999999999999987,0.9956574277058955,0.9884610853590517,0.9937562656083767,0.987702522562654,0.9874973926504774,0.9888924018358151,0.9937562656083767,0.9874973926504774,0.9908906111836574,0.9896044452416848,0.9897712032701733,0.9931855294978126,0.9861398100610733,0.9908383095341571,0.9885979496107664,0.9905592655084965,0.9894762598839605,0.9920375538819939,0.9859122974207671,0.9850801378444747
grata,0.9908822329734281,0.9846219196446762,0.9999999999999999,0.997978819625733,0.99225242274305,0.99225242274305,0.9999999999999999,0.997978819625733,0.9922524227430501,0.9915704025485812,0.9906832045255591,0.9933619318469297,0.9848664156167339,0.9842038677264819,0.9874875415838621,0.9933619318469297,0.9842038677264819,0.9894857834138336,0.9923521654618666,0.9928942325268265,0.9920754785521496,0.9908705032949696,0.9922815396860547,0.9910848011353621,0.9899491143823588,0.9926636225176936,0.9948783871691195,0.9896927025904648,0.9878709324939622
gratus,0.9889973342158997,0.9822858858762226,0.997978819625733,0.9999999999999992,0.9897335906842654,0.9897335906842654,0.997978819625733,0.9999999999999992,0.9897335906842657,0.9884154718378507,0.9881629788823063,0.9940162080782933,0.9826135886778659,0.9820371712561291,0.9869656993806563,0.9940162080782933,0.9820371712561291,0.9871812812512636,0.9902545368524395,0.990461218200002,0.9910969865648339,0.9883805426058828,0.9895688702363474,0.9883309600906447,0.9871794013167676,0.9900979246482667,0.9925795111366514,0.9870116417973334,0.985151806164298
gratia,0.9924692256306386,0.9897411542777297,0.9922524227430501,0.9897335906842657,0.9999999999999987,0.9999999999999987,0.9922524227430501,0.9897335906842657,0.9999999999999994,0.9956574277058957,0.9884610853590523,0.9937562656083758,0.9877025225626526,0.9874973926504791,0.9888924018358145,0.9937562656083758,0.9874973926504774,0.9908906111836574,0.9896044452416848,0.9897712032701733,0.9931855294978126,0.9861398100610733,0.9908383095341571,0.9885979496107664,0.9905592655084965,0.9894762598839605,0.9920375538819939,0.9859122974207671,0.9850801378444747
gratias ago,0.9944126810470846,0.990862681991259,0.9915704025485812,0.9884154718378507,0.9956574277058955,0.9956574277058955,0.9915704025485812,0.9884154718378507,0.9956574277058957,0.9999999999999997,0.9911250028138275,0.9920774080624947,0.989013484031198,0.989094381473367,0.9869082774754047,0.9920774080624947,0.9890943814733663,0.9939270342604787,0.9927811292402248,0.9936913057710608,0.9933101757244506,0.9901962197060729,0.9949966425343033,0.9915633132560087,0.9927786898853067,0.992798887455472,0.9945755384807848,0.9905937990912559,0.9888685260266911
debitor,0.9913487875715963,0.9856677435205803,0.9906832045255591,0.9881629788823063,0.9884610853590517,0.9884610853590517,0.9906832045255591,0.9881629788823063,0.9884610853590523,0.9911250028138275,0.9999999999999994,0.9904429334561239,0.9883351102204022,0.9875393353254542,0.9873147288071696,0.9904429334561239,0.9875393353254545,0.9928597786707788,0.993155964965413,0.9951391857565438,0.9927868468673151,0.9900411364309619,0.9942339317369863,0.9946075860311706,0.9925380696395905,0.9930106965603602,0.9929797222961301,0.9912225378097952,0.9895356203020576
obligatus,0.9927872989001854,0.9891600649487475,0.9933619318469297,0.9940162080782933,0.9937562656083767,0.9937562656083767,0.9933619318469297,0.9940162080782933,0.9937562656083758,0.9920774080624947,0.9904429334561239,0.9999999999999994,0.9883184469138035,0.9902844186010488,0.9912300881654788,0.9999999999999994,0.9902844186010483,0.9912926943240618,0.9918210584974186,0.9920145216608859,0.9955530878920835,0.9883185896703776,0.9915225982246564,0.9897579112179031,0.9911582329756343,0.9907777400195048,0.9928343450118176,0.9877764384368588,0.985906818302409
debitum,0.99367447616744,0.9918562180901551,0.9848664156167339,0.9826135886778659,0.987702522562654,0.987702522562654,0.9848664156167339,0.9826135886778659,0.9877025225626526,0.989013484031198,0.9883351102204022,0.9883184469138035,0.9999999999999999,0.9905088716543176,0.9866804131487936,0.9883184469138035,0.9905088716543168,0.9879927282904551,0.9837249273730332,0.9899165866541746,0.9913669353572282,0.9838792489145989,0.9892167817302951,0.9866937510859972,0.9922989961240719,0.9857065161942166,0.9903677677518069,0.9845180422027259,0.9831882269138412
obligatio,0.9923156142243535,0.9951372414754925,0.9842038677264819,0.9820371712561291,0.9874973926504774,0.9874973926504774,0.9842038677264819,0.9820371712561291,0.9874973926504791,0.989094381473367,0.9875393353254542,0.9902844186010488,0.9905088716543176,0.9999999999999999,0.9864035877485068,0.9902844186010488,0.9999999999999993,0.9922383757150681,0.9861143153753079,0.9885321161942142,0.9906815973795782,0.9846969867922722,0.9891627668478946,0.9893615913725323,0.9942496689788421,0.9865066787600686,0.9909170282857807,0.9869004490428103,0.9838673746171156
coactus,0.9878912539485871,0.9859041794940271,0.9874875415838621,0.9869656993806563,0.9888924018358151,0.9888924018358151,0.9874875415838621,0.9869656993806563,0.9888924018358145,0.9869082774754047,0.9873147288071696,0.9912300881654788,0.9866804131487936,0.9864035877485068,1.0000000000000002,0.9912300881654788,0.9864035877485067,0.9857415043838937,0.9855770293308583,0.9877703055229677,0.9936929026227695,0.9818196853661878,0.9870838609654334,0.9861760069577232,0.988729999279243,0.985690490024624,0.9878731884500283,0.9820553176151342,0.9815903541663721
obligatus,0.9927872989001854,0.9891600649487475,0.9933619318469297,0.9940162080782933,0.9937562656083767,0.9937562656083767,0.9933619318469297,0.9940162080782933,0.9937562656083758,0.9920774080624947,0.9904429334561239,0.9999999999999994,0.9883184469138035,0.9902844186010488,0.9912300881654788,0.9999999999999994,0.9902844186010483,0.9912926943240618,0.9918210584974186,0.9920145216608859,0.9955530878920835,0.9883185896703776,0.9915225982246564,0.9897579112179031,0.9911582329756343,0.9907777400195048,0.9928343450118176,0.9877764384368588,0.985906818302409
obligatio,0.9923156142243535,0.9951372414754925,0.9842038677264819,0.9820371712561291,0.9874973926504774,0.9874973926504774,0.9842038677264819,0.9820371712561291,0.9874973926504774,0.9890943814733663,0.9875393353254545,0.9902844186010483,0.9905088716543168,0.9999999999999993,0.9864035877485067,0.9902844186010483,0.9999999999999999,0.9922383757150686,0.9861143153753075,0.9885321161942137,0.9906815973795786,0.9846969867922729,0.9891627668478953,0.9893615913725318,0.9942496689788421,0.9865066787600686,0.9909170282857807,0.9869004490428103,0.9838673746171156
debere,0.9937620648366758,0.9901930726474354,0.9894857834138336,0.9871812812512636,0.9908906111836574,0.9908906111836574,0.9894857834138336,0.9871812812512636,0.9908906111836574,0.9939270342604787,0.9928597786707788,0.9912926943240618,0.9879927282904551,0.9922383757150681,0.9857415043838937,0.9912926943240618,0.9922383757150686,1.0000000000000007,0.9943015432586076,0.9942696238896198,0.9925207077454211,0.9906277947953073,0.9944253031425054,0.9944851371610036,0.9944679126617814,0.9933687763798477,0.9933944810866846,0.9918632441759024,0.9900919057992742
debens,0.9906646096402368,0.984777194564711,0.9923521654618666,0.9902545368524395,0.9896044452416848,0.9896044452416848,0.9923521654618666,0.9902545368524395,0.9896044452416848,0.9927811292402248,0.993155964965413,0.9918210584974186,0.9837249273730332,0.9861143153753079,0.9855770293308583,0.9918210584974186,0.9861143153753075,0.9943015432586076,0.9999999999999997,0.9951122896860589,0.9914614246726416,0.9925801652506016,0.9950697068146157,0.9936787978125918,0.9906721103077694,0.9943845255705516,0.9930308100794861,0.9924543992566237,0.9898147766001734
debiturus,0.9941750844744514,0.9878380847167999,0.9928942325268265,0.990461218200002,0.9897712032701733,0.9897712032701733,0.9928942325268265,0.990461218200002,0.9897712032701733,0.9936913057710608,0.9951391857565438,0.9920145216608859,0.9899165866541746,0.9885321161942142,0.9877703055229677,0.9920145216608859,0.9885321161942137,0.9942696238896198,0.9951122896860589,1.0,0.9938945532972389,0.9947738093481783,0.9968958482995786,0.9950557998781117,0.9944530666599048,0.9955755697824523,0.9958173255399345,0.9948126142634373,0.9918995148002369
excusatorius,0.9941658366307621,0.9912573417929448,0.9920754785521496,0.9910969865648339,0.9931855294978126,0.9931855294978126,0.9920754785521496,0.9910969865648339,0.9931855294978126,0.9933101757244506,0.9927868468673151,0.9955530878920835,0.9913669353572282,0.9906815973795782,0.9936929026227695,0.9955530878920835,0.9906815973795786,0.9925207077454211,0.9914614246726416,0.9938945532972389,0.9999999999999996,0.9893087318455963,0.993875724610755,0.9929205491614457,0.9945255852189266,0.9920374178460897,0.9942950720955609,0.9891499668155698,0.9887901971360152
paenitens,0.9902783784205804,0.984240111860983,0.9908705032949696,0.9883805426058828,0.9861398100610733,0.9861398100610733,0.9908705032949696,0.9883805426058828,0.9861398100610733,0.9901962197060729,0.9900411364309619,0.9883185896703776,0.9838792489145989,0.9846969867922722,0.9818196853661878,0.9883185896703776,0.9846969867922729,0.9906277947953073,0.9925801652506016,0.9947738093481783,0.9893087318455963,0.9999999999999998,0.9939603604559407,0.9922843171064988,0.9908658326408599,0.9933093563946044,0.9926804981629499,0.99559912906404,0.9893249627496664
excusationes,0.9942943722432054,0.9892658919308787,0.9922815396860547,0.9895688702363474,0.9908383095341571,0.9908383095341571,0.9922815396860547,0.9895688702363474,0.9908383095341571,0.9949966425343033,0.9942339317369863,0.9915225982246564,0.9892167817302951,0.9891627668478946,0.9870838609654334,0.9915225982246564,0.9891627668478953,0.9944253031425054,0.9950697068146157,0.9968958482995786,0.993875724610755,0.9939603604559407,1.0,0.9958851535875944,0.9953365061129629,0.9947213479010776,0.9959542657079442,0.9940460441036376,0.9907670178930962
excusare,0.9933441085350229,0.987855011761871,0.9910848011353621,0.9883309600906447,0.9885979496107664,0.9885979496107664,0.9910848011353621,0.9883309600906447,0.9885979496107664,0.9915633132560087,0.9946075860311706,0.9897579112179031,0.9866937510859972,0.9893615913725323,0.9861760069577232,0.9897579112179031,0.9893615913725318,0.9944851371610036,0.9936787978125918,0.9950557998781117,0.9929205491614457,0.9922843171064988,0.9958851535875944,0.9999999999999994,0.9961590882066239,0.9948214011423941,0.9946243269851116,0.99385201498518,0.9925918507661089
excusatio,0.995337005907046,0.9932844858587416,0.9899491143823588,0.9871794013167676,0.9905592655084965,0.9905592655084965,0.9899491143823588,0.9871794013167676,0.9905592655084965,0.9927786898853067,0.9925380696395905,0.9911582329756343,0.9922989961240719,0.9942496689788421,0.988729999279243,0.9911582329756343,0.9942496689788421,0.9944679126617814,0.9906721103077694,0.9944530666599048,0.9945255852189266,0.9908658326408599,0.9953365061129629,0.9961590882066239,0.9999999999999989,0.9929535024174374,0.9952982893709271,0.9924945405537827,0.9902795641686977
ignosce,0.9928951637642183,0.985734857412525,0.9926636225176936,0.9900979246482667,0.9894762598839605,0.9894762598839605,0.9926636225176936,0.9900979246482667,0.9894762598839605,0.992798887455472,0.9930106965603602,0.9907777400195048,0.9857065161942166,0.9865066787600686,0.985690490024624,0.9907777400195048,0.9865066787600686,0.9933687763798477,0.9943845255705516,0.9955755697824523,0.9920374178460897,0.9933093563946044,0.9947213479010776,0.9948214011423941,0.9929535024174374,1.0,0.9942806800203317,0.9932684704384017,0.9961303859830652
paenitentia,0.9958040310073043,0.9920908263957089,0.9948783871691195,0.9925795111366514,0.9920375538819939,0.9920375538819939,0.9948783871691195,0.9925795111366514,0.9920375538819939,0.9945755384807848,0.9929797222961301,0.9928343450118176,0.9903677677518069,0.9909170282857807,0.9878731884500283,0.9928343450118176,0.9909170282857807,0.9933944810866846,0.9930308100794861,0.9958173255399345,0.9942950720955609,0.9926804981629499,0.9959542657079442,0.9946243269851116,0.9952982893709271,0.9942806800203317,0.9999999999999997,0.9937548363179763,0.99062118107367
paenitet,0.9906847751145235,0.9856011095196092,0.9896927025904648,0.9870116417973334,0.9859122974207671,0.9859122974207671,0.9896927025904648,0.9870116417973334,0.9859122974207671,0.9905937990912559,0.9912225378097952,0.9877764384368588,0.9845180422027259,0.9869004490428103,0.9820553176151342,0.9877764384368588,0.9869004490428103,0.9918632441759024,0.9924543992566237,0.9948126142634373,0.9891499668155698,0.99559912906404,0.9940460441036376,0.99385201498518,0.9924945405537827,0.9932684704384017,0.9937548363179763,0.9999999999999998,0.9895077475796101
ignosce mihi,0.9899520407405326,0.9830946236991936,0.9878709324939622,0.985151806164298,0.9850801378444747,0.9850801378444747,0.9878709324939622,0.985151806164298,0.9850801378444747,0.9888685260266911,0.9895356203020576,0.985906818302409,0.9831882269138412,0.9838673746171156,0.9815903541663721,0.985906818302409,0.9838673746171156,0.9900919057992742,0.9898147766001734,0.9918995148002369,0.9887901971360152,0.9893249627496664,0.9907670178930962,0.9925918507661089,0.9902795641686977,0.9961303859830652,0.99062118107367,0.9895077475796101,0.9999999999999996
